0838192221533
1220195965344
1327195549508
1149199107156
0605198521472
0937190139575
0531198758254
0330190592283
0550191703441
0934193511267
1029190830892
0407194219257
1203198767489
0214196907972
1243196390949
0649199442723
1144199597187
0712192941788
1009197417222
0113192342394
0741192542318
1401192289580
1847194300544
0544197226763
0502193346223
0950191344267
1141196935375
1809195355507
1142192553600
0205190218200
0350197304353
0446195180369
0228195205602
0127195329333
0527198799922
0316190969976
0904192842766
1401197545200
0714191904340
1216191104665
0143193341727
1012196555356
0435196417248
1302194469411
1021198900099
1626199298957
1644199357537
0343196278797
1307195008192
1505199553841
1046197202980
1225190641911
0844194565181
1012193009310
1710190239034
0544193662270
0642199422669
0635190569582
1531197933007
1339196500528
1121197008815
1233197947362
1314191996982
0905191421709
1834195161236
1320195342188
1638195537877
0342192550248
0426193009973
1123196533732
0224190541435
0945197486865
1225192246576
1650197726553
0143193119487
1801195978433
0320195346613
0403199547495
1250199263654
0741194464715
1501192749476
0627199661220
0223193889357
0238198826774
1321196895752
0611194462267
1247199569235
1210194177615
0902194410156
1025192658145
0623191374746
1314192539705
0107194910473
0750198712560
1401191747323
0716195374945
0704193260510
0503199590019
1521197195743
1444194893469
0345197301808
0445195356048
0333193579104
0801195806496
0649198828123
1844190833515
1621190861238
1532190215998
1209192389516
0823194747204
1325197437543
1705190844623
1736193573734
1605198466208
1213190740978
0115190602758
0750197796035
0307197528525
1408199797183
1403190791896
0425192574140
1618197272632
1247198727156
1511194771450
1144198066485
1303199080906
1145193257625
0318196994024
1003191538182
1504194562320
0204190879827
0828191530907
1224198914960
0930190592912
1308196937537
0603196653226
1804194905501
0348192899433
1425192139204
0343195975652
0815192662708
0703197558492
0921194502768
0629195766295
0726193222439
0933192677717
1417196595694
0537197520491
0816199129610
1028192305892
0150199417375
1343194726836
1150192857178
0545192074002
0627196769511
0631197660126
0543195283183
1520192341390
0235197621161
0603197133906
1017199467617
1245197089182
1449191519122
0220197080063
0703194559436
0418198100537
1131196651206
1801197250508
1832194988079
1803195779475
1518194170555
0845198179178
1223196535422
1324197670956
0311199085162
1238197740037
1743191298646
1527198525003
1507196478015
1005190014711
1214193270452
0941198893835
1220199551802
0445197791402
1324193929662
1623192920697
1247190087502
1807192932452
1018197885004
1345198470048
0930194654975
0402194097446
0629192081935
0822193233930
0133196763510
0703190556531
1140196578441
1750195310030
1712199476994
1832199598404
0643198126654
0833196475979
1706199104848
1246197709045
1709195706253
0224198824917
0743191321402
1421191032784
1818190811160
0519194417685
1738194513045
1517197845002
0837197708114
0446190581732
1404198503775
1318197937186
1834196577248
0212193319456
1029195228496
1411195733911
0821192022602
0910191596873
0526196461745
0327195035140
0318198263583
1504192421360
1845197203373
0808195569371
0150193364811
0637194759150
1426190730861
0146196851783
0538192355389
1614190407114
0105192394622
0415197521762
1638194740731
0550191490749
0814190479403
1440191329566
1606196654697
0236196482295
0922193495446
0503191357532
1606198073163
0146192989259
1610198504390
1041191375090
0442195632668
1650190233528
0214191499916
1429191370577
0330199416811
1233193427104
1742191332622
0308196364861
0729194869578
0615192975311
1728196175112
1113190230460
1411193847627
0516190079705
0948194228549
1825195681006
0508193493467
0333194090648
1750191846654
1618191247429
1405196188750
0302192728824
0214194251694
0246192630443
1316193093715
1424198191330
0906199501767
0320199043604
1505194191662
0228198120649
1313198351725
1547199623469
0504195219441
0428191536220
0134197191069
0319192112900
0911191244877
1235193956352
1004193905811
1346191936551
0330194929429
0714193858297
1224194123353
1341191848276
0235193838227
1039191462531
1316195518158
0604190017291
0541197252040
1111193835144
0111195961444
0310195273789
1045197004205
1347195687426
0542190276946
1513198139447
0534194575928
0433193068025
1428193098878
1534191909999
1749194287064
0115199654507
0325196925805
0236193324647
1521190333379
1411192817609
1440193988351
1504197441016
0109199551978
1022199580293
1843191915855
1422196553315
1813199553036
1216194859502
0434192244117
1104194278521
1128191259023
1039193266985
1545191085381
1143192040362
0313190324153
1726190106853
0316192721137
0345193069201
1130191133067
1737195766290
1524190814802
1535191636845
1521193832400
1528192181611
1006195663309
1040195089939
1214199017440
1212194459181
1044193128927
0927198725236
1849194434458
1016197569398
0111190660440
1414192486851
0306192029106
1028194883669
0909190065298
0444190013351
1342193893672
0305193270886
0727193530418
0201190333644
1731191537573
1220192099057
1623199716298
0334197381749
0940197274303
0313197034213
0123192736819
0845190131341
0522192494049
0740199291545
1032190660153
1645198299321
0304190805710
0927194191561
0408197918444
1114195198724
0916196482688
0330191556385
0338191411353
0321190889720
1539190064868
0836193050433
1142195856116
1646195024848
1435192834443
0211191926670
0224194466949
0932197719016
1329198092644
0716196041551
0136195166352
0741197760747
0627196012250
0936197512242
0214194639575
1324198782859
0336192690890
0245197566085
0418196042820
1818199555642
0335198142048
1650193659415
1422191181584
1030192106540
0706192468047
1841193615568
0448190023778
0549191646368
1131192002174
1403193587198
0728194156033
1323191767667
0114196416759
1813193295175
0529197978609
1750196375654
1626199572484
0721198311282
0232199118320
1331193826587
1126196249487
1214190486621
1136198408703
0421194575367
0313190298265
0547190644054
1720192248777
0215194637027
1745195837405
1307191777813
0639195187954
1023193114209
1120194055428
1604195903053
0107193175849
0724197857266
1431193516619
1839193178809
0424198401294
1114199358711
1216193453556
0419196547552
1734196626464
1630192978317
0916192053116
1708194472993
1814194717379
1719199401793
1604196085065
0822196010343
1732193664358
0912198471918
1450191601450
0840190062810
0139196883179
1630190589864
0425194290198
1324193664766
1844192436123
0820197127167
0623195085767
1403196771139
0148193031684
1325191055423
1111196530123
0648195868575
0532197050096
1148197703653
0119192089016
1034199068233
1644192653038
0208194635563
1246191265525
1237194198624
0424192763542
0537199391448
1439192066637
1417197634197
0902192098812
0810198705796
0504199042837
1512191234400
1645196155372
1311192697355
0812191919408
1125197128335
0325190237771
0242190275744
0847198702780
1602199125075
0749190025753
1149190235696
1347197775779
1235195584839
1142195720878
1510190245120
1742191559642
1016196474380
0134192462160
0349191602904
1720191317450
1836192250888
0123198466388
1836192276018
0612191297790
0830194658662
0933195865851
1206196418009
1233196829024
0401193016637
0514198582097
0550195961956
0407195226379
0208198725615
0717194947415
1513195973646
0715193127623
1244196729871
0116191939985
0842190350914
1803197930965
1104198333779
1333191331313
1837193877312
0721192781345
0714195532834
1529197841198
0850194964102
1837195731502
0734198131876
0738196800909
1129197549870
0721194775895
0638198855814
1022193002414
0730191039965
1432191461643
0815196882142
1319192865321
1513193534183
1514194461414
1310197030976
1840197464689
0716193226382
0339196614154
0510192340602
1035193020831
1648196712342
1647191198842
1744191322947
1346193143479
0534193666690
1023191333555
0845192334428
1225196860254
0247191734257
0708199014865
0939193482385
0226190119766
0628195791777
0350194709784
1039191693344
0517194895270
0819199327893
0131191618453
0513193305745
0401195804327
0645196512164
1433193698355
1609195707175
0936193180064
1348190780334
0910190562038
0709195460034
1649190080224
0720197922660
0823191312291
0813191134291
1116192758398
0105199472979
1227198739262
1748193509844
1616195919013
1225199693016
1125198798637
0611194558314
1803195522959
0411197980240
1136194063339
0324195668709
1649198137932
1835192618614
0634192077663
0235192791012
1515191773014
1304193921984
0114191711142
1017199188608
0429199368815
1621196741006
0815196967485
0924199580661
1514191161214
0844196045000
1509194442614
1625192012028
1203197986829
1203192684401
1747199582824
0547191978073
0335196303506
1627197140777
1727190706240
0931198392926
1017193661853
0315197171649
1102192805626
1735196503966
1206191193220
0532190599193
1732196527586
1806191844512
1749194370778
1135195397624
1208194072434
1802192658170
0833196219599
1720191897237
1420198043984
1719193410731
0112197719631
1222197056425
0249194579931
0314193821853
1201196689916
0613192196569
0239190849281
1003198180932
0823192601494
1723198340455
0305195038275
0941190679191
1422197757413
1210198193367
0241191692969
0745191698521
0329192062211
1802191446715
0844194825415
0228191674104
0250194433454
1816193614184
0347198090761
0314192606165
0920190655590
1038198970314
0410195496434
1814194854326
0514198798291
1625194317288
1347197900252
0142191506290
1613190335058
0507192230014
0732194783229
0213191424149
0415193804911
1804198283821
1640194943649
1149196929914
1616191707036
1410191087918
0745191540958
0831192609365
0614194905268
1844194212914
1117195245556
0808194473346
1134194045428
1042190310366
0245197372839
1001190683241
0203194927034
1015193657227
1536193625920
1841192145584
0306196977230
1112192645216
1608190846048
0426193203245
0934192055782
1017198840909
0522192963946
1820190401351
0750191746787
0637192257645
0818196918893
1429199103241
1014195100577
1644192480657
1418195635094
1517195639262
1645193279243
0447190754951
1308198357899
1518194630187
1201193962990
1706191546264
0514199791097
1214193996171
0835192465963
1304192026688
1818199529899
1503195003947
0405190115962
1307190802503
0909196748754
0416192557122
1608194108022
0110197794548
0231190449980
1206199346961
0721190442678
0813192117423
0309195378777
1244199392931
1006196533241
1104197069697
1219191055220
0424197214326
0949191132349
0450194787682
0533195716123
0533191117779
0649191004993
0737193572106
1130197323989
1234196222910
1707198647977
1033191296652
1135191816409
1224199024724
0205196205772
1525192960608
0717194583202
1805191811887
0907192394716
1003192830443
1506193159188
1225197415089
1346198924007
1045198950785
0513194465043
1207192026215
0241191763038
0317193175420
0745194417266
1803190476148
0315193474970
1111199134332
1712194674235
1424197836110
1816196535853
0416198058288
1215199596263
1004199344861
1739194016965
0143195956150
1826196517855
1243197950766
0843196721598
0703195163288
1829192298769
0208192814202
0330193897597
0117192719400
1113196329510
0518198991337
1210191444812
0529193032866
0126190413137
1317193812109
0350190957691
1738191795557
1737194259530
0114199585477
1041191628454
0235193519902
0602199168282
0303196638903
0616192791446
1018199308827
1223191494422
1505194744895
0447197783142
1313194610981
1845192079625
0820193279146
0512193634175
1012194272603
1803196901772
0312193585545
1622198434789
0547193853884
1124191230579
0621192926197
1530199688970
1038192705640
0243195728315
1431194731806
1632193470497
0216195291612
1417192871947
1244197233112
0728190741035
1244198280739
0202192053422
1625190525867
1140193999767
0533191321235
1502197497636
1524198461851
1210195378960
0116196950826
1535198590061
1429195777484
0422190333167
1422196279753
1243194522138
1843190186534
1219194720597
1124199000332
0407196699179
1845198930279
0838190314203
1619198181826
1641193141756
0416191339942
0908198309559
0631197549126
0401192249820
1024199062290
1515199530825
0850198482445
0947196956183
0417194890102
1444192671832
0746190221880
0650197933590
0212190542167
0913192783023
0446198105702
1249194623727
0334197125991
1309197378607
0438199685034
0102198640030
0247197807341
1328197623026
0111190370031
1050190539054
0538197150174
1748193740920
0812191131266
1602190743481
0616198366407
1450191530531
0435198906371
0619195705420
1240196605978
1503195297726
1732196305844
1540198835867
1203199761652
0310192778740
1816198763701
1527195347318
1429190796414
1807198913742
0510197458096
1627198081386
0226195999034
0738194004227
0624193215394
0833190825111
1549195681847
1241195194287
1406195828290
0324198816345
0908194155940
1525196768265
1809190350876
0913195407251
1031194062364
0421190252009
0412193412684
0519192472294
1548197262709
1416197815626
0931195408868
1713191406741
1516194794083
0226198621891
0540199397195
0316195322259
1646198215864
0413196890702
0747192757323
1711191634341
1145193454090
1107192545182
1833193177427
0531192886614
0138197077179
0209190571399
1021195244220
1025192811371
0940195273784
0236193399206
1421195192527
0243194006848
1835194624671
0901196233218
1105197971141
0126191323700
0139195585419
1147192498373
1348198010626
0617197845171
0423190586370
1830196295945
1337191293154
1407199549660
0528194962663
1129192738186
0737198717176
1429190984984
0128199636984
1846192977965
1444199636515
1525195505276
0450194590950
1625194523591
1648194874730
0537194190054
0237197926143
1626193713644
1413193391625
1036192377218
0410193470807
1138196673438
1715190103158
1543197755946
1719197387553
1549199094593
1639196942028
1631193609087
0124191178204
1743190379221
0106193547052
1522197813281
0436190939192
1303192956381
1117194578008
0245196767902
1512198454792
1311197605615
0118196329523
1634198304130
1344195492916
1532199770834
0609199395946
1446194797221
1001197891463
0246190553823
0120190830815
1249196722969
1619194324980
0332194591929
0337199634300
1718194688001
1022190850474
0226192786879
1742198214410
1306191148169
0523197066203
1216190575062
1411194177683
1822193912306
1208193231662
0840190199810
0937197092825
0631198135111
0106196811334
0346196545667
0547191964945
0434197676187
1745196279444
1418198666830
1433190912393
1718197249237
0813195388141
0517191365292
0249190591441
0738196739928
0810197532343
1304191775092
1545192319823
1011194861074
0927194749371
0710197451782
0144193533660
1745195176638
0715191937257
1644195053275
0101198098626
0702190169853
0521193812586
1414195745093
1750199535797
1536193995020
1303198758239
1647191148282
0614196900770
1133196795397
1644196037924
0226199459804
1606193032156
1525193419707
0308190496534
0925193322186
0844198534722
1201190937600
1823198717572
1832190852413
0234197142165
1813191800023
1425194221442
1413194397354
1325199207950
1817193616761
1433199248285
1828198920288
0132194050653
1330190006449
0501193172149
1010193111409
0831190676120
1209197592792
1445190136437
1409194692009
0808190810821
0328191526255
0727192642330
0135194744147
0133194313323
1328195281130
1824198227029
0144191306187
0130195494226
1329193011711
1501192790986
1127198807673
0406196618790
1824199712545
0250195278532
1810193806063
0801197977677
1550193646213
1047192633356
0730197421489
0626192043615
1440195633168
1627190749605
0110196893608
1250197565622
0115196517109
0624190182450
0444195909214
0847197702320
0830196060659
1850195715632
0746195419362
1408193022643
1821190578788
1530193355575
0950196713734
0330194485512
0823196341149
0316194852134
1405195781027
1834199568803
0302192542334
1041191433586
0226191828199
1527199226658
1736196248099
1102196558349
1731193581285
0135194382564
1534196103005
0636194210400
1804198387749
1044192578520
1524197113566
0538190903900
1722190510523
0330198194713
1345192639591
0129195777481
1650198284632
0237193793545
0834192818942
1619194944971
1312190927572
1201194277049
1006198614634
1306193084823
0832199376210
0816193928331
1726199754890
1630199589319
1109195033758
1017197439660
0222197572885
0820194792888
0217193505000
0143191788484
0848195775154
1141198561178
0821199453079
0726196339794
0333194096948
0210190521422
1723193794519
1329198898352
0230194210022
1240193225753
1025199569671
0142191044871
0224194105746
1719197157689
1544197729456
1049193216147
1540193398386
1718199715227
0840193975750
0648193739825
1423197385549
0119195790387
0613199689916
0647199384356
1843195017801
1332196087360
1613198244323
0324195966822
0607196707327
0237193249464
1539193822274
1021194621762
0810198424621
1821199346394
0732195164401
1825195781127
0137197775300
1609198891565
0226197531368
1543196295068
1029197523527
1039193074643
1207197031411
1131193540929
1210199756742
0333195321552
1024197959968
1820192431630
1009191956974
0321192056399
0748196076579
0522197059786
1726195067101
0149197403913
1549194243039
0629195335595
1114198195129
0813199762098
0315198156879
0145190241493
1202193544738
0125199647647
0150197760278
0931190874423
1818198437319
1537194952124
1838190239917
1045195270917
1140197254462
0714198545208
0243199333225
0910194008576
1321190816256
0906196839210
0123193396867
0632197378757
1222190854532
0506192997625
0948191287356
0124197540111
0922194287909
1508191733385
0715196609185
0705199065379
0246199064050
0107195339314
0928198498455
0708191552379
0918191339337
0440191114654
1442191015386
0713195745843
0432190854244
0850193175428
0821194223285
1103195310358
0604197117170
1605195288295
1302197473020
0932192557834
0701190531342
0805192308252
0248192188300
0513191732076
0704198628667
0540193321566
1108196120936
1441196063945
0337192902606
1220199014699
1609196958621
1645194943298
0520195037014
1533197360776
1840193957578
1045194058439
0424192406566
0637194805262
0440198825514
1806195109492
1314195060340
1609195662085
1037198641113
0303198187407
1008191112733
1806195985957
0936190796425
0628197743514
1727197263910
1831194040818
1046191929276
1001193477512
0820198669298
0742198269643
1225190526417
0546194631854
1027191980464
1832194557700
1248194673579
0402196441009
0716191989645
1838192865488
0423196260573
0710196101999
1429194566635
0218197301396
0138191882110
0401196641166
0148193583869
0550191393881
0633191594227
1313196154946
1220191629235
0504190573503
1402197635429
1249196659018
0848197592664
1216197170502
0103197539048
1111190391682
1042190777231
1249190403821
1340198291891
1443198340966
0123192714923
0831190538749
1212198601222
1704192674558
0211197751281
0325194813020
1645195956575
0727192661942
1024193337760
0821199752776
1631199527877
1722195790919
0429190426029
0728199656630
0525197064151
0122191022237
1331190600403
0919197206325
1007196337041
1648190361933
1636197210844
0517196631900
1234196853067
1643190703842
0523198160006
0739192307125
1309190609898
0515195152596
0826195297475
1620190122079
0320190590084
0320198486175
1150194876131
1503196152363
1710195061217
0434193116267
1101191204916
0117190961196
0105199018584
1747196798262
0931194280774
0741190672234
0131198665608
0917192338572
0603193571037
1135193546014
0130197485360
1636197390217
1117198586079
0123195545487
0812192114333
1741197802581
0318197909896
0826194401177
0524193268517
1026193592906
0124197962847
0445196575467
0827193183878
0227192768044
1202193872647
1422194288287
1126199134439
1632196113276
1233190478071
1504191208290
1028196433738
1321190134920
1437192518650
0710192421420
1809193268958
1637190267680
0138193046958
0340191213436
1640194130034
0310190087003
1425198635535
0546190402489
0234197063704
1613193662429
1821197767021
1333199506212
1626196614873
1112191825436
1521193131569
0641197364209
0629196818950
0120197263721
0348198492204
0312195483202
1143195502002
0805198643551
0722192676410
1434196305927
0649192750980
0421198265400
0245192939046
0636193926997
1649195387302
1039191214012
1641195162327
0730198761040
1130192474299
1250193272317
1410198574765
1646193907707
1534192225528
1615196098983
0314199350929
1004199341221
1219191024611
0510190208069
0850197050877
0219195642669
1701195888510
0316195525130
0740198227529
1215190182196
1442197336062
0550195932044
0513198879884
0125192667451
0613191262280
1616190856896
1539190518475
1323191576803
0948190551055
0612199231213
1548192203453
1302198649392
0912198331608
0534190097539
1722191175903
0134190796738
1113198119417
0436198061175
1219194107549
0502199160460
1211199166555
0142191135810
1727190083474
0529195285912
1443198279522
1746190153851
1539199502942
1627193947468
0529195783924
0120195198536
1415196673423
1216192301899
1737190526160
0416196410595
0419193752785
0140194257744
1237191899222
0235199529570
1203193191573
1216193622587
1017191740170
0815197481186
0917192271516
1542199768933
0713194865782
1841199454130
1212190708090
1101195621289
0729199225648
1848190510719
1301195191815
1311199522718
1240196826735
0547193865158
1605194325075
1530195146154
0538193284150
0334193474158
0345191037009
1821193091133
0525198435955
0245195317095
0643197624135
0628192840079
0514191693178
0633199132109
0842191794747
0919190970084
1533198895391
0431191491496
0805193331120
1304197526772
1644197168273
1714194260547
1141191131533
1233194499510
1745193186630
1738190203395
0845194280443
1133194067389
1026198574274
0229196463718
1533193446272
0140193232923
1702199603967
1415197102704
1220193051796
0921198901637
1224194232602
1606197252513
0720192458034
1718190013900
1121195789702
0826190970814
