54693827
28549371
67213948
49851726
83751492
25647938
47256198
24731569
46257193
93615487
45683971
28396451
76821593
41652389
63581492
14693582
96458271
97852634
16935842
28394567
72936415
71263589
95462713
31287964
94152638
68534192
41367852
39856142
26394781
47926183
75824913
32974516
24956738
92756318
25718943
32714685
61948732
65492183
71826493
29381456
52369487
58324716
37821954
67398245
73195846
63725849
32968451
69531872
72463985
39782165
67582491
29761534
35167428
69154287
97152834
21563479
78125439
92645817
63894152
46532719
95283174
71469258
41923687
74316928
39784216
78432951
26583941
92857413
84715963
63489217
59864723
42561783
84371529
35248691
86724395
12843695
12735698
98264513
92137546
16287345
94851673
24186937
41879632
19683452
73698524
49163258
92463178
74986521
12769543
72681439
53816794
52934618
12869753
43961287
43891625
91875364
17438596
75391648
24871693
39562841
87523619
82975634
81345276
19542876
43261975
86592431
57142896
16983247
45938716
62538741
36592418
87621394
67345921
74891265
23819756
95478316
64712839
96453178
37614925
16529378
12384569
95416783
58426791
14736528
73915264
65324719
47963815
75342819
94537286
89621537
72489356
97356418
89154623
51736829
64179832
94638215
93147586
59812476
53896274
14826579
85132497
53291487
81529467
87912563
32849571
21687934
54129687
47631958
12487956
81395467
25937618
57396142
17856439
38715296
61298534
24517869
13892754
79342865
14836257
46537812
64857291
74839652
68124379
41782369
42756193
57298134
84593167
89172564
61879543
42168973
32815496
31497582
86254713
87231469
49853162
28194653
45261978
26854791
23869415
19852367
67312598
74239815
75341962
89724136
61253847
25173648
89152437
12567493
54371869
21895746
27534816
38214695
83574961
16542987
37986521
13652874
23568417
57846139
73519468
93856124
52967148
23598467
43652198
12496573
58692713
21683947
21963458
61872459
69548317
38475912
91452738
43975821
79546328
12675839
75429183
29587146
81634257
92173648
51769382
48257316
34897612
89613257
68573192
79384152
85974231
17632495
89527314
39687425
16842753
14695387
67183594
94732681
18973654
25184769
37298645
18725963
58316247
68532147
57648932
29613578
49615372
23965714
28973514
59234718
43278659
34689127
25794863
76458239
83459216
42587193
62379418
71653428
23648519
93284561
95321846
52391648
72614358
57289316
87349156
81623947
58927163
94275318
35784261
16924738
87513624
62835714
67985321
25687143
39642185
81349752
76289451
92638514
43275861
39625714
39745286
18574269
79681435
61572489
71928364
51293764
68213549
67189324
65248317
42517369
68379425
32549176
29514387
28639145
39862157
73981524
68135729
43892165
93716485
53892167
13867259
94721683
96274831
19438267
19583746
12375496
31856724
16289374
85312647
87163924
98173526
17562843
64937185
16452937
94376185
95728341
63571892
65482371
63154897
53764218
29354168
42315687
75128643
23978165
53481729
57841963
98453761
36782549
25146839
78941326
84617259
26893475
79621583
95436178
38657421
12753698
13982756
13627954
81935462
54731286
38269714
14572368
37256184
81649537
43295176
39174258
76452938
79632514
39856721
52693714
57634829
25983741
31659482
38924675
95674318
82934756
15289643
54231768
97456381
65372148
72315496
28935617
51263749
93871625
89625143
81594267
68534971
21853946
21439657
63827541
34581629
87649532
62187953
48276193
93271546
52461987
58691324
87396524
41526387
97425316
27946358
84572936
72153498
29136485
97632851
72564139
67425318
98375164
37549216
97381256
43967521
27358649
47531962
19475326
45382176
75368142
87492361
12689374
48371952
37459218
51429876
59836471
67314859
45976328
74521983
21348659
98543276
79548312
81643527
91237465
59873246
83241795
29146857
67253481
32417659
71893564
28374691
28156349
16742589
51473896
53761248
85379614
54739682
91264587
81743952
28471539
21753946
45328167
43598712
83246951
93154782
29876315
54697328
94375628
91678534
25847963
59431286
37892641
93687254
97431586
57863214
34719258
36972481
23518964
91547236
21697438
63592481
29347681
89216475
86729145
93781265
64895321
14687932
42315968
74859321
71623954
47986312
65394781
81476952
43785162
42673591
87263591
83912476
85329671
83715694
17892645
43189672
19725643
94156287
75931286
23571468
15739682
68231549
89276314
96387145
17892634
25397148
23691458
56329817
18379254
65749281
64259381
78312596
14956782
56398472
43581769
93742158
31847295
47295638
82476395
95437618
39542178
78413925
83429571
72619584
29465187
35264198
61492587
36851729
39287514
27546398
64953178
28675391
83546792
38457691
98352461
51674839
97142853
28475931
67923854
12847536
29567341
24671835
65782934
57236198
46819325
56829174
86974253
27456183
17356849
47651829
42539678
89275364
84953627
63498217
25418639
74832591
43217589
57398146
26137958
89652741
25647981
38927416
37485916
15468239
63178924
52487361
41632879
15937486
41962583
43521968
18976254
32571984
75628194
15438692
31827496
13582967
56743912
47952386
75394621
97263841
78591423
21789463
19748532
81472936
76123854
87935126
82347965
63781925
14925867
27138694
12894576
37645192
56187423
54978362
57693812
96452831
56219874
34759286
71496385
34925168
45371968
89365714
16937824
59748321
68425173
89425136
38961472
94217863
96417258
27698541
29356418
76492581
13468592
65184729
81247965
93182765
63492851
58714396
46918275
17489563
49236185
74921356
59342176
69841372
76952813
37429561
29156384
12465839
46918327
84376251
47813256
41582367
42317985
69518273
91582764
63782149
32564719
28734916
69148725
16472583
98341752
58496721
71854932
56273814
52841793
46752981
95164827
63189752
71823965
42837965
93574816
49136825
61972584
79534162
31426985
54796218
16374958
85627193
17536892
97342815
91653748
34597861
35284167
16297835
35416278
38217946
74568231
51387249
83619542
62489375
15278463
69175832
49368157
16423798
47156329
62157348
61324785
31958467
54892631
21479583
19673582
52814369
13952678
29875413
69823451
76285341
48217395
85274396
49156837
45762819
28941576
64321789
73541892
49752168
98612753
96483715
74293586
69425718
37951248
12756394
25369874
73549126
16234598
32148965
38546791
32697814
49865237
52148793
73524891
39561427
97368524
76529183
91324685
14978256
85467213
78154692
39614258
21976354
56478392
39825764
26785149
54163879
51364798
92834671
96318257
68745921
49573268
54318297
36972841
13945782
98416527
96472153
26438971
51729834
23965487
75948316
25837461
26579381
12785934
37941658
95127384
78142936
46598172
68319245
96475218
71394852
83945617
13765498
83241596
16259483
16749358
95276843
19584367
91283564
24831695
85429316
41569823
16584973
56713824
68493571
94251683
93861257
46985731
48235619
84327195
23768415
16598374
61945238
13627985
68453192
39267815
35682419
83576941
63274591
41598362
83697524
51284976
38425176
57962381
83674251
76839251
21467389
17528439
71439856
74659318