96545138
93148738
97584450
95476023
91288218
98446684
93427483
95536814
94343285
92226183
96788037
97063513
97656108
93532862
96180738
93811012
97007003
90506011
91402084
92818561
97271337
91665511
98633646
91335340
92328615
92711105
97074776
95001613
95830725
97682122
90620522
94244436
98582760
93871824
90308617
90315025
97804073
96186082
96085514
91341800
92851060
96410854
94524503
97676337
95337484
97672400
97462388
95864850
94154142
94477567
92180166
97866442
95267268
91333181
96046305
90350347
98846015
96075260
96166664
94575455
92575306
98356344
98313875
92332656
90884240
94586366
96402522
94412856
98130633
98534272
90828241
94511612
90251311
97152327
91633235
91314557
93477617
95154347
97054774
92212173
93451050
90317675
96047462
93180007
95684625
95228471
94516661
92743721
95382084
90105308
95681118
94284667
93057883
98027707
97828561
98456175
90467258
94113301
96414184
93433560
90120117
94225854
94206018
93242452
93761875
93265257
96037357
96420230
97072603
91036665
93780836
98220212
96250004
96678671
94372573
91746680
96147272
90680752
97867066
95827481
90055522
96230625
94003248
97642655
90212058
96827721
95224406
91331167
95788268
94020078
90221036
98344647
96420826
92066877
91455621
98138321
90301728
93102406
91185870
90826438
98230138
93841120
98421500
96620351
96072482
93238230
98378451
90078372
96474576
92522357
90363438
98458214
97171076
94358831
93118428
96743403
98765373
90213748
91681184
94257381
97745388
91411117
95320631
94617543
96208263
97334503
96486678
92878866
96855581
97554212
93331381
92738136
94444443
95374074
98742042
94701418
97832388
98343862
94184610
95284054
90708715
90441243
98042186
93322443
98308106
97281730
95101237
98461851
90335466
90147143
97268203
92703780
90265001
98753375
92543405
98320530
94836412
94704712
95584508
92475531
95081833
96770738
92801245
96372100
96633537
92066407
95618113
92247408
94476747
96638758
95023340
93374353
90025618
94840872
92584368
97604834
91282260
95843631
98618313
94707108
93583721
94606404
90386168
98087423
96802173
93553756
97037543
94825271
94603425
93246874
91772238
95513463
